5 -75 20 -78 0 0
6 -82 13 -86 0 0
3 -75 18 -90 0 0
4 -75 20 -82 0 0
5 -68 21 -80 0 0
6 -78 16 -88 0 0
3 -60 26 -66 0 0
4 -63 27 -70 0 0
5 -52 25 -54 0 0
6 -61 26 -66 0 0
3 -63 26 -66 0 0
4 -60 28 -66 0 0
5 -53 25 -56 0 0
6 -61 26 -66 0 0
3 -60 26 -66 0 0
4 -58 29 -64 0 0
5 -54 25 -58 0 0
6 -60 25 -64 0 0
3 -61 26 -66 0 0
4 -61 28 -66 0 0
5 -54 25 -58 0 0
6 -59 25 -64 0 0
3 -59 27 -66 0 0
4 -62 27 -68 0 0
5 -54 25 -58 0 0
6 -58 25 -66 0 0
3 -60 27 -66 0 0
4 -59 28 -70 0 0
5 -55 25 -66 0 0
6 -63 24 -70 0 0
3 -61 26 -66 0 0
4 -63 27 -70 0 0
5 -55 26 -58 0 0
6 -66 24 -70 0 0
3 -60 27 -66 0 0
4 -62 27 -70 0 0
5 -54 25 -66 0 0
6 -58 25 -68 0 0
3 -66 25 -72 0 0
4 -60 27 -66 0 0
5 -49 25 -54 0 0
6 -60 25 -68 0 0
3 -68 25 -72 0 0
4 -59 27 -70 0 0
5 -60 25 -68 0 0
6 -67 24 -70 0 0
3 -73 22 -76 0 0
4 -72 23 -74 0 0
5 -64 22 -68 0 0
6 -60 24 -64 0 0
3 -72 23 -74 0 0
4 -69 24 -72 0 0
5 -59 23 -66 0 0
6 -61 24 -66 0 0
3 -73 21 -76 0 0
4 -70 24 -74 0 0
5 -62 23 -66 0 0
6 -63 23 -66 0 0
3 -74 20 -76 0 0
4 -71 23 -74 0 0
5 -63 23 -68 0 0
6 -62 23 -66 0 0
3 -74 21 -76 0 0
4 -71 24 -74 0 0
5 -66 22 -74 0 0
6 -61 23 -66 0 0
3 -74 20 -78 0 0
4 -71 24 -78 0 0
5 -67 23 -70 0 0
6 -61 24 -66 0 0
3 -75 20 -78 0 0
4 -71 24 -74 0 0
5 -66 23 -68 0 0
6 -61 24 -66 0 0
3 -74 21 -76 0 0
4 -71 24 -74 0 0
5 -65 23 -68 0 0
6 -62 23 -66 0 0
3 -65 24 -78 0 0
4 -61 27 -72 0 0
5 -54 24 -66 0 0
6 -53 25 -66 0 0
3 -51 29 -54 0 0
4 -47 29 -50 0 0
5 -41 24 -44 0 0
6 -41 25 -44 0 0
3 -53 29 -56 0 0
4 -47 29 -50 0 0
5 -41 24 -44 0 0
6 -40 25 -42 0 0
3 -53 29 -56 0 0
4 -46 29 -50 0 0
5 -41 24 -44 0 0
6 -40 25 -42 0 0
3 -53 29 -56 0 0
4 -46 30 -50 0 0
5 -41 24 -44 0 0
6 -40 25 -42 0 0
3 -53 29 -56 0 0
4 -46 30 -50 0 0
5 -41 24 -44 0 0
6 -40 24 -42 0 0
3 -52 29 -54 0 0
4 -46 31 -50 0 0
5 -41 24 -44 0 0
6 -40 24 -42 0 0
3 -53 29 -56 0 0
4 -47 30 -50 0 0
5 -40 24 -42 0 0
6 -41 25 -44 0 0
3 -50 29 -54 0 0
4 -46 30 -50 0 0
5 -42 24 -44 0 0
6 -41 25 -44 0 0
3 -53 29 -56 0 0
4 -47 30 -50 0 0
5 -42 25 -44 0 0
6 -41 26 -44 0 0
3 -53 29 -56 0 0
4 -47 30 -50 0 0
5 -41 24 -44 0 0
6 -41 26 -44 0 0
3 -53 29 -56 0 0
4 -47 30 -50 0 0
5 -41 24 -44 0 0
6 -40 25 -44 0 0
3 -53 29 -62 0 0
4 -48 29 -52 0 0
5 -41 24 -44 0 0
6 -41 25 -44 0 0
3 -56 29 -64 0 0
4 -48 29 -52 0 0
5 -43 25 -52 0 0
6 -42 26 -46 0 0
3 -48 29 -64 0 0
4 -45 29 -54 0 0
5 -45 25 -56 0 0
6 -49 25 -60 0 0
3 -51 29 -66 0 0
4 -53 29 -66 0 0
5 -50 25 -58 0 0
6 -54 25 -68 0 0
3 -53 28 -68 0 0
4 -52 29 -66 0 0
5 -50 25 -58 0 0
6 -55 25 -74 0 0
3 -52 29 -68 0 0
4 -54 29 -66 0 0
5 -51 25 -66 0 0
6 -54 25 -68 0 0
3 -55 28 -68 0 0
4 -57 28 -70 0 0
5 -53 25 -68 0 0
6 -54 25 -68 0 0
3 -54 28 -60 0 0
4 -58 28 -68 0 0
5 -58 24 -72 0 0
6 -57 24 -70 0 0
3 -55 28 -66 0 0
4 -57 28 -66 0 0
5 -55 25 -68 0 0
6 -57 25 -70 0 0
3 -48 30 -50 2 0
4 -59 28 -66 2 0
5 -50 25 -52 2 0
6 -61 25 -66 2 0
7 -52 29 -58 2 0
8 -54 29 -68 2 0
9 -52 25 -70 2 0
10 -54 25 -68 2 0
3 -51 29 -66 3 0
4 -54 29 -66 3 0
5 -55 25 -68 3 0
6 -60 24 -72 3 0
3 -62 27 -74 0 0
4 -56 28 -70 0 0
5 -59 24 -74 0 0
6 -62 24 -76 0 0
3 -64 26 -74 0 0
4 -64 26 -74 0 0
5 -64 24 -74 0 0
6 -66 24 -78 0 0
3 -59 27 -74 0 0
4 -61 27 -74 0 0
5 -60 24 -72 0 0
6 -65 24 -76 0 0
3 -57 28 -72 6 0
4 -52 28 -74 6 0
5 -49 25 -72 6 0
6 -56 25 -70 6 0
3 -53 28 -72 3 0
4 -53 28 -70 3 0
5 -55 25 -74 3 0
6 -53 25 -70 3 0
3 -57 28 -76 10 0
4 -54 28 -74 10 0
5 -54 25 -72 10 0
6 -55 25 -72 10 0
3 -64 26 -76 55 5
4 -64 26 -78 55 5
5 -61 24 -84 55 5
6 -65 24 -78 55 5
3 -65 25 -74 4 0
4 -65 26 -74 4 0
5 -64 24 -74 4 0
6 -67 23 -78 4 0
3 -58 28 -70 0 0
4 -58 28 -76 0 0
5 -59 24 -72 0 0
6 -63 24 -74 0 0
3 -62 26 -76 0 0
4 -59 28 -74 0 0
5 -59 25 -74 0 0
6 -64 24 -76 0 0
3 -60 27 -72 2 0
4 -62 27 -76 2 0
5 -59 25 -72 2 0
6 -65 24 -78 2 0
3 -61 27 -70 2 0
4 -58 28 -74 2 0
5 -55 25 -72 2 0
6 -64 24 -76 2 0
3 -56 28 -72 1 0
4 -56 28 -72 1 0
5 -52 25 -70 1 0
6 -59 25 -72 1 0
3 -55 28 -72 0 0
4 -54 29 -74 0 0
5 -52 25 -72 0 0
6 -56 25 -76 0 0
3 -57 28 -70 4 0
4 -56 28 -70 4 0
5 -52 25 -68 4 0
6 -57 25 -70 4 0
3 -56 28 -70 4 0
4 -55 28 -70 4 0
5 -54 25 -70 4 0
6 -58 25 -72 4 0
3 -54 28 -68 3 0
4 -58 28 -72 3 0
5 -56 25 -72 3 0
6 -62 24 -78 3 0
3 -53 29 -66 0 0
4 -55 29 -72 0 0
5 -60 24 -72 0 0
6 -66 24 -78 0 0
3 -62 27 -74 2 0
4 -60 28 -76 2 0
5 -62 24 -74 2 0
6 -65 24 -78 2 0
3 -61 27 -76 0 0
4 -60 28 -74 0 0
5 -56 25 -70 0 0
6 -64 24 -78 0 0
3 -57 28 -72 0 0
4 -55 29 -74 0 0
5 -52 25 -68 0 0
6 -57 25 -74 0 0
3 -56 28 -72 1 0
4 -54 29 -68 1 0
5 -52 25 -70 1 0
6 -55 25 -74 1 0
3 -57 28 -70 2 0
4 -54 29 -74 2 0
5 -54 25 -74 2 0
6 -60 25 -72 2 0
3 -51 29 -70 0 0
4 -53 29 -72 0 0
5 -51 25 -72 0 0
6 -56 25 -76 0 0
3 -46 29 -66 5 0
4 -48 29 -64 5 0
5 -47 25 -66 5 0
6 -53 25 -70 5 0
3 -51 28 -70 6 0
4 -49 28 -74 6 0
5 -47 25 -66 6 0
6 -53 25 -70 6 0
3 -69 24 -78 8 0
4 -65 25 -76 8 0
5 -62 24 -78 8 0
6 -69 23 -82 8 0
3 -73 21 -82 30 0
4 -70 24 -82 30 0
5 -71 22 -80 30 0
6 -75 20 -82 30 0
3 -77 18 -82 44 0
4 -73 22 -82 44 0
5 -75 20 -82 44 0
6 -80 17 -88 44 0
3 -79 16 -86 42 84
4 -74 22 -86 42 84
5 -74 21 -82 42 84
6 -80 17 -88 42 84
3 -80 15 -88 10 24
4 -79 17 -86 10 24
5 -78 18 -86 10 24
6 -83 13 -92 10 24
7 -79 16 -82 10 24
8 -75 21 -80 10 24
9 -75 20 -80 10 24
10 -81 15 -88 10 24
3 -82 13 -88 0 0
4 -81 15 -88 0 0
5 -81 15 -88 0 0
6 -86 12 -92 0 0
3 -81 14 -90 1 0
4 -81 15 -88 1 0
5 -81 15 -88 1 0
6 -84 13 -92 1 0
3 -77 18 -86 0 0
4 -76 19 -88 0 0
5 -75 20 -86 0 0
6 -76 20 -88 0 0
3 -71 23 -80 0 0
4 -70 24 -78 0 0
5 -72 22 -80 0 0
6 -71 23 -80 0 0
7 -71 23 -80 0 0
8 -69 24 -82 0 0
9 -69 23 -82 0 0
10 -74 21 -82 0 0
3 -70 23 -80 0 0
4 -68 25 -82 0 0
5 -68 23 -82 0 0
6 -71 23 -82 0 0
7 -65 26 -72 0 0
8 -63 27 -70 0 0
9 -62 24 -72 0 0
10 -72 22 -82 0 0
3 -68 24 -78 0 0
4 -64 26 -74 0 0
5 -67 24 -76 0 0
6 -73 22 -82 0 0
3 -65 26 -82 0 0
4 -65 26 -82 0 0
5 -61 25 -76 0 0
6 -72 22 -82 0 0
3 -65 26 -74 0 0
4 -64 27 -78 0 0
5 -63 24 -78 0 0
6 -67 24 -78 0 0
3 -56 28 -70 0 0
4 -59 28 -72 0 0
5 -55 25 -74 0 0
6 -61 25 -76 0 0
3 -58 28 -72 0 0
4 -57 28 -74 0 0
5 -58 25 -76 0 0
6 -62 24 -76 0 0
3 -60 27 -72 0 0
4 -61 27 -74 0 0
5 -59 25 -74 0 0
6 -66 24 -76 0 0
7 -62 26 -68 0 0
8 -62 26 -68 0 0
9 -49 26 -52 0 0
10 -67 25 -72 0 0
3 -64 26 -78 14 0
4 -63 26 -74 14 0
5 -59 25 -74 14 0
6 -67 24 -78 14 0
3 -66 25 -80 7 0
4 -71 23 -80 7 0
5 -64 23 -78 7 0
6 -66 24 -80 7 0
3 -69 24 -74 0 0
4 -73 22 -78 0 0
5 -71 22 -78 0 0
6 -71 23 -78 0 0
3 -70 23 -80 1 0
4 -73 22 -80 1 0
5 -68 23 -76 1 0
6 -68 23 -76 1 0
3 -71 23 -80 2 0
4 -73 22 -82 2 0
5 -68 23 -76 2 0
6 -72 23 -80 2 0
3 -71 23 -78 1 0
4 -72 23 -82 1 0
5 -68 24 -78 1 0
6 -76 20 -86 1 0
3 -73 21 -78 2 0
4 -71 23 -80 2 0
5 -70 23 -76 2 0
6 -72 23 -78 2 0
3 -72 23 -78 2 0
4 -76 20 -82 2 0
5 -68 24 -76 2 0
6 -69 24 -76 2 0
3 -70 24 -76 7 0
4 -72 23 -82 7 0
5 -64 24 -72 7 0
6 -62 24 -68 7 0
3 -71 23 -82 61 9
4 -69 24 -80 61 9
5 -71 23 -80 61 9
6 -73 22 -82 61 9
3 -73 22 -82 38 9
4 -72 23 -80 38 9
5 -72 22 -82 38 9
6 -76 20 -82 38 9
3 -73 22 -82 43 10
4 -71 23 -82 43 10
5 -72 22 -84 43 10
6 -74 21 -82 43 10
3 -73 22 -86 40 4
4 -70 24 -82 40 4
5 -69 23 -82 40 4
6 -72 22 -86 40 4
3 -77 18 -88 97 92
4 -75 20 -84 97 92
5 -74 20 -86 97 92
6 -78 19 -88 97 92
3 -74 21 -82 81 63
4 -76 20 -88 81 63
5 -75 20 -82 81 63
6 -77 19 -90 81 63
3 -74 21 -86 64 58
4 -76 19 -86 64 58
5 -75 20 -86 64 58
6 -79 18 -90 64 58
3 -75 21 -82 33 22
4 -77 19 -88 33 22
5 -76 19 -86 33 22
6 -80 16 -90 33 22
7 -77 19 -82 33 22
8 -77 19 -86 33 22
9 -75 20 -82 33 22
10 -79 17 -88 33 22
3 -79 17 -88 0 0
4 -80 16 -90 0 0
5 -80 16 -92 0 0
6 -82 15 -90 0 0
3 -75 20 -86 0 0
4 -77 19 -88 0 0
5 -75 20 -86 0 0
6 -79 17 -92 0 0
3 -78 18 -90 0 0
4 -78 18 -92 0 0
5 -76 19 -90 0 0
6 -81 16 -92 0 0
3 -81 15 -92 0 0
4 -81 15 -92 0 0
5 -79 16 -90 0 0
6 -82 15 -94 0 0
3 -76 19 -84 0 0
4 -76 20 -88 0 0
5 -73 22 -82 0 0
6 -75 21 -86 0 0
3 -76 19 -82 0 0
4 -75 21 -84 0 0
5 -73 22 -82 0 0
6 -76 20 -88 0 0
3 -70 23 -82 0 0
4 -69 24 -78 0 0
5 -67 24 -78 0 0
6 -71 23 -82 0 0
3 -72 22 -82 0 0
4 -72 22 -82 0 0
5 -69 24 -80 0 0
6 -75 20 -82 0 0
3 -76 19 -84 0 0
4 -76 19 -88 0 0
5 -77 19 -86 0 0
6 -78 19 -88 0 0
3 -84 12 -92 4 4
4 -85 12 -94 4 4
5 -84 12 -92 4 4
6 -86 11 -98 4 4
3 -88 8 -94 28 152
4 -89 8 -94 28 152
5 -87 9 -92 28 152
6 -90 7 -96 28 152
3 -85 10 -94 11 60
4 -88 9 -94 11 60
5 -86 10 -92 11 60
6 -90 8 -94 11 60
3 -83 12 -90 0 0
4 -84 13 -90 0 0
5 -83 13 -92 0 0
6 -85 12 -92 0 0
3 -81 15 -88 0 0
4 -80 16 -86 0 0
5 -78 18 -82 0 0
6 -84 13 -92 0 0
7 -79 17 -82 0 0
8 -82 13 -90 0 0
9 -75 20 -82 0 0
10 -84 13 -92 0 0
3 -82 14 -88 0 0
4 -81 15 -90 0 0
5 -81 15 -88 0 0
6 -84 13 -90 0 0
3 -82 14 -88 0 0
4 -82 14 -90 0 0
5 -82 14 -90 0 0
6 -84 13 -90 0 0
3 -81 15 -88 0 0
4 -81 15 -86 0 0
5 -80 16 -86 0 0
6 -84 13 -90 0 0
3 -79 16 -82 0 0
4 -79 17 -88 0 0
5 -78 18 -88 0 0
6 -81 15 -88 0 0
3 -74 21 -82 0 0
4 -72 23 -80 0 0
5 -73 22 -82 0 0
6 -78 18 -86 0 0
3 -64 25 -82 0 0
4 -64 26 -78 0 0
5 -63 24 -74 0 0
6 -70 23 -82 0 0
3 -53 29 -74 0 0
4 -50 30 -72 0 0
5 -52 25 -72 0 0
6 -56 25 -70 0 0
3 -49 30 -66 0 0
4 -50 30 -66 0 0
5 -50 25 -60 0 0
6 -50 26 -64 0 0
7 -52 29 -66 0 0
8 -52 29 -66 0 0
9 -50 25 -66 0 0
10 -54 25 -70 0 0
3 -50 29 -68 0 0
4 -51 29 -70 0 0
5 -53 25 -70 0 0
6 -58 25 -72 0 0
7 -55 29 -62 0 0
8 -56 29 -66 0 0
9 -55 25 -66 0 0
10 -59 25 -68 0 0
3 -59 27 -70 0 0
4 -55 28 -72 0 0
5 -57 25 -72 0 0
6 -64 24 -72 0 0
3 -60 26 -72 61 7
4 -59 26 -74 61 7
5 -58 25 -68 61 7
6 -60 25 -72 61 7
3 -52 27 -64 96 22
4 -55 27 -72 96 22
5 -54 25 -70 96 22
6 -58 25 -74 96 22
3 -57 27 -72 12 0
4 -59 27 -70 12 0
5 -59 24 -74 12 0
6 -66 24 -76 12 0
3 -55 28 -72 0 0
4 -55 28 -70 0 0
5 -51 25 -64 0 0
6 -59 25 -72 0 0
3 -54 28 -70 1 0
4 -53 28 -70 1 0
5 -53 25 -68 1 0
6 -56 25 -74 1 0
3 -54 28 -70 2 0
4 -57 28 -72 2 0
5 -54 25 -70 2 0
6 -60 25 -72 2 0
3 -58 27 -74 0 0
4 -57 28 -72 0 0
5 -57 24 -74 0 0
6 -63 24 -78 0 0
3 -67 25 -74 31 0
4 -65 26 -74 31 0
5 -58 25 -72 31 0
6 -67 24 -76 31 0
3 -64 26 -74 5 0
4 -65 25 -72 5 0
5 -64 23 -72 5 0
6 -63 24 -72 5 0
3 -64 26 -74 1 0
4 -63 26 -74 1 0
5 -57 24 -72 1 0
6 -64 24 -72 1 0
3 -58 27 -72 13 0
4 -59 27 -74 13 0
5 -55 25 -74 13 0
6 -60 24 -74 13 0
3 -56 28 -68 4 0
4 -56 28 -70 4 0
5 -54 25 -68 4 0
6 -57 25 -72 4 0
3 -56 27 -68 3 0
4 -57 28 -70 3 0
5 -55 24 -68 3 0
6 -58 24 -72 3 0
3 -58 27 -70 4 0
4 -59 27 -72 4 0
5 -58 25 -74 4 0
6 -62 24 -78 4 0
3 -62 26 -76 0 0
4 -61 27 -80 0 0
5 -60 24 -74 0 0
6 -64 24 -76 0 0
3 -65 26 -76 1 0
4 -62 27 -74 1 0
5 -59 24 -72 1 0
6 -69 23 -82 1 0
3 -63 26 -76 5 0
4 -66 25 -78 5 0
5 -61 24 -74 5 0
6 -66 23 -78 5 0
3 -67 24 -78 1 0
4 -64 26 -82 1 0
5 -62 24 -76 1 0
6 -66 24 -76 1 0
3 -62 26 -76 12 0
4 -60 27 -74 12 0
5 -60 24 -76 12 0
6 -63 24 -76 12 0
3 -59 27 -76 2 0
4 -56 28 -74 2 0
5 -55 24 -74 2 0
6 -58 24 -76 2 0
3 -54 28 -68 0 0
4 -54 28 -72 0 0
5 -51 24 -68 0 0
6 -54 24 -70 0 0
3 -54 28 -68 2 0
4 -53 29 -68 2 0
5 -53 24 -72 2 0
6 -55 24 -72 2 0
3 -55 27 -70 15 0
4 -56 28 -70 15 0
5 -54 25 -72 15 0
6 -56 25 -74 15 0
3 -64 25 -76 27 2
4 -62 26 -74 27 2
5 -61 24 -74 27 2
6 -62 24 -76 27 2
3 -64 26 -82 11 0
4 -64 26 -78 11 0
5 -58 24 -76 11 0
6 -59 24 -74 11 0
3 -54 28 -70 0 0
4 -57 28 -74 0 0
5 -52 24 -70 0 0
6 -59 24 -72 0 0
3 -61 26 -74 3 0
4 -57 28 -74 3 0
5 -55 25 -68 3 0
6 -59 24 -78 3 0
3 -56 28 -74 0 0
4 -53 29 -72 0 0
5 -54 24 -70 0 0
6 -54 25 -70 0 0
3 -62 26 -74 2 0
4 -60 27 -72 2 0
5 -57 24 -72 2 0
6 -63 24 -76 2 0
3 -63 26 -76 27 0
4 -61 27 -76 27 0
5 -54 25 -68 27 0
6 -59 24 -74 27 0
3 -62 27 -70 8 0
4 -61 27 -74 8 0
5 -58 24 -76 8 0
6 -63 24 -78 8 0
3 -65 25 -74 6 0
4 -65 26 -76 6 0
5 -59 24 -72 6 0
6 -66 23 -74 6 0
3 -56 28 -72 1 0
4 -55 28 -72 1 0
5 -53 24 -72 1 0
6 -56 24 -72 1 0
3 -53 28 -72 9 0
4 -53 28 -70 9 0
5 -50 25 -72 9 0
6 -55 25 -74 9 0
3 -53 28 -70 6 0
4 -54 28 -74 6 0
5 -51 24 -68 6 0
6 -53 25 -70 6 0
3 -59 26 -74 62 0
4 -58 27 -74 62 0
5 -55 25 -72 62 0
6 -60 24 -74 62 0
3 -61 27 -72 6 0
4 -63 26 -76 6 0
5 -62 24 -76 6 0
6 -67 24 -76 6 0
3 -55 28 -70 0 0
4 -60 27 -72 0 0
5 -57 24 -70 0 0
6 -58 24 -70 0 0
3 -58 27 -72 3 0
4 -58 27 -74 3 0
5 -56 24 -72 3 0
6 -60 24 -76 3 0
3 -63 26 -76 2 0
4 -63 26 -76 2 0
5 -59 24 -74 2 0
6 -64 24 -76 2 0
3 -67 24 -78 12 0
4 -63 26 -76 12 0
5 -63 24 -78 12 0
6 -65 24 -78 12 0
3 -69 24 -76 1 0
4 -62 26 -72 1 0
5 -58 24 -70 1 0
6 -67 23 -76 1 0
3 -69 23 -76 2 0
4 -59 27 -70 2 0
5 -58 24 -70 2 0
6 -63 24 -72 2 0
3 -67 24 -74 2 0
4 -60 27 -70 2 0
5 -54 24 -70 2 0
6 -65 23 -76 2 0
3 -61 26 -74 4 0
4 -59 27 -74 4 0
5 -59 24 -72 4 0
6 -65 24 -76 4 0
3 -63 26 -72 1 0
4 -59 27 -72 1 0
5 -56 24 -70 1 0
6 -61 24 -76 1 0
3 -59 27 -72 3 0
4 -55 28 -70 3 0
5 -55 25 -70 3 0
6 -58 25 -72 3 0
3 -56 28 -68 10 0
4 -57 28 -76 10 0
5 -53 25 -70 10 0
6 -55 25 -70 10 0
3 -52 28 -60 10 0
4 -55 28 -66 10 0
5 -54 25 -58 10 0
6 -60 24 -72 10 0
3 -54 28 -56 16 0
4 -53 27 -58 16 0
5 -57 24 -64 16 0
6 -69 23 -72 16 0
3 -54 28 -58 11 0
4 -53 28 -58 11 0
5 -57 25 -66 11 0
6 -69 24 -72 11 0
3 -54 28 -56 20 0
4 -54 27 -58 20 0
5 -57 25 -66 20 0
6 -69 24 -72 20 0
3 -54 28 -58 25 0
4 -54 28 -58 25 0
5 -57 25 -66 25 0
6 -69 24 -72 25 0
3 -54 28 -58 10 0
4 -53 27 -58 10 0
5 -57 25 -66 10 0
6 -69 24 -72 10 0
3 -54 28 -60 12 0
4 -54 27 -58 12 0
5 -58 25 -68 12 0
6 -69 24 -72 12 0
3 -55 28 -66 43 0
4 -55 28 -64 43 0
5 -55 25 -70 43 0
6 -67 25 -74 43 0
3 -54 28 -58 40 0
4 -56 27 -68 40 0
5 -65 25 -72 40 0
6 -68 24 -80 40 0
3 -54 28 -56 17 0
4 -54 28 -56 17 0
5 -56 25 -64 17 0
6 -69 24 -72 17 0
3 -54 29 -58 8 0
4 -53 28 -56 8 0
5 -57 25 -64 8 0
6 -69 24 -72 8 0
3 -54 29 -58 8 0
4 -53 29 -56 8 0
5 -57 25 -64 8 0
6 -69 24 -72 8 0
3 -54 29 -56 6 0
4 -53 29 -56 6 0
5 -57 25 -64 6 0
6 -69 24 -72 6 0
3 -54 29 -56 10 0
4 -53 29 -56 10 0
5 -57 25 -64 10 0
6 -69 24 -72 10 0
3 -54 29 -58 8 0
4 -53 29 -56 8 0
5 -57 25 -64 8 0
6 -69 24 -72 8 0
3 -54 29 -58 7 0
4 -53 29 -56 7 0
5 -57 25 -66 7 0
6 -69 24 -74 7 0
3 -59 28 -72 14 0
4 -59 27 -70 14 0
5 -62 25 -72 14 0
6 -67 24 -74 14 0
3 -62 27 -72 4 0
4 -61 27 -72 4 0
5 -58 25 -72 4 0
6 -60 25 -74 4 0
3 -56 28 -68 0 0
4 -57 28 -72 0 0
5 -54 25 -74 0 0
6 -56 25 -74 0 0
3 -55 28 -70 0 0
4 -55 29 -68 0 0
5 -57 25 -74 0 0
6 -52 26 -64 0 0
3 -75 19 -80 0 0
4 -71 22 -74 0 0
5 -61 26 -66 0 0
6 -66 25 -68 0 0
3 -75 19 -80 0 0
4 -71 22 -76 0 0
5 -60 25 -66 0 0
6 -67 24 -70 0 0
3 -75 19 -76 0 0
4 -74 20 -76 0 0
5 -61 25 -66 0 0
6 -67 25 -70 0 0
3 -75 19 -78 0 0
4 -73 21 -76 0 0
5 -63 25 -66 0 0
6 -66 25 -68 0 0
3 -73 21 -74 0 0
4 -73 22 -74 0 0
5 -63 25 -66 0 0
6 -67 25 -68 0 0
3 -72 22 -74 0 0
4 -73 21 -74 0 0
5 -63 25 -66 0 0
6 -66 25 -68 0 0
3 -72 22 -74 0 0
4 -72 22 -74 0 0
5 -63 25 -66 0 0
6 -66 25 -68 0 0
3 -72 22 -74 0 0
4 -72 22 -74 0 0
5 -63 25 -66 0 0
6 -67 25 -68 0 0
3 -73 20 -80 0 0
4 -72 22 -76 0 0
5 -62 25 -66 0 0
6 -67 24 -70 0 0
3 -75 19 -80 0 0
4 -71 22 -76 0 0
5 -63 25 -68 0 0
6 -67 24 -70 0 0
3 -77 17 -82 0 0
4 -72 22 -74 0 0
5 -62 25 -68 0 0
6 -67 24 -70 0 0
3 -57 25 -78 0 0
4 -53 24 -74 0 0
5 -44 27 -66 0 0
6 -48 26 -70 0 0
3 -51 26 -56 0 0
4 -48 25 -50 0 0
5 -41 27 -44 0 0
6 -44 26 -48 0 0
3 -51 26 -54 0 0
4 -47 25 -50 0 0
5 -42 27 -44 0 0
6 -44 26 -48 0 0
3 -52 27 -54 0 0
4 -47 24 -50 0 0
5 -40 27 -44 0 0
6 -44 26 -46 0 0
3 -53 26 -56 0 0
4 -47 24 -50 0 0
5 -39 27 -42 0 0
6 -44 26 -46 0 0
3 -53 26 -56 0 0
4 -47 25 -50 0 0
5 -41 26 -44 0 0
6 -44 26 -46 0 0
3 -52 26 -56 0 0
4 -48 25 -52 0 0
5 -41 27 -44 0 0
6 -44 26 -46 0 0
3 -52 26 -54 0 0
4 -47 25 -50 0 0
5 -42 27 -44 0 0
6 -44 26 -46 0 0
3 -52 25 -58 0 0
4 -47 25 -52 0 0
5 -40 27 -44 0 0
6 -44 26 -48 0 0
3 -52 26 -60 0 0
4 -47 25 -52 0 0
5 -40 27 -44 0 0
6 -44 26 -48 0 0
3 -54 26 -58 0 0
4 -48 25 -52 0 0
5 -39 27 -44 0 0
6 -44 26 -50 0 0
3 -52 26 -58 0 0
4 -46 25 -54 0 0
5 -40 27 -44 0 0
6 -43 26 -50 0 0
3 -53 26 -60 0 0
4 -45 25 -48 0 0
5 -39 27 -44 0 0
6 -42 26 -46 0 0
3 -54 26 -58 0 0
4 -45 25 -48 0 0
5 -39 27 -42 0 0
6 -42 26 -46 0 0
3 -53 26 -56 0 0
4 -47 25 -50 0 0
5 -38 27 -42 0 0
6 -43 26 -46 0 0
3 -48 26 -54 0 0
4 -50 26 -58 0 0
5 -42 27 -54 0 0
6 -45 27 -50 0 0
3 -48 26 -58 0 0
4 -46 26 -60 0 0
5 -44 26 -56 0 0
6 -46 26 -56 0 0
3 -50 26 -64 0 0
4 -47 26 -66 0 0
5 -48 26 -56 0 0
6 -51 26 -66 0 0
3 -50 25 -68 0 0
4 -52 25 -68 0 0
5 -50 26 -68 0 0
6 -49 26 -64 0 0
3 -51 25 -64 0 0
4 -50 25 -64 0 0
5 -50 26 -68 0 0
6 -53 26 -72 0 0
3 -48 26 -56 0 0
4 -49 25 -58 0 0
5 -46 26 -54 0 0
6 -50 26 -66 0 0
3 -48 25 -58 0 0
4 -49 25 -66 0 0
5 -46 26 -56 0 0
6 -49 26 -66 0 0
3 -50 25 -66 0 0
4 -48 25 -62 0 0
5 -48 26 -72 0 0
6 -52 26 -70 0 0
3 -53 25 -66 0 0
4 -52 25 -74 0 0
5 -53 25 -70 0 0
6 -54 26 -70 0 0
3 -59 24 -74 0 0
4 -57 24 -68 0 0
5 -58 25 -70 0 0
6 -58 25 -72 0 0
3 -60 24 -68 0 0
4 -56 24 -66 0 0
5 -55 26 -64 0 0
6 -60 25 -72 0 0
3 -56 25 -66 0 0
4 -59 24 -70 0 0
5 -55 26 -68 0 0
6 -62 25 -72 0 0
3 -56 25 -68 0 0
4 -60 24 -72 0 0
5 -54 26 -70 0 0
6 -57 26 -70 0 0
3 -61 24 -72 0 0
4 -54 25 -68 0 0
5 -55 26 -70 0 0
6 -59 26 -76 0 0
3 -56 25 -78 0 0
4 -57 25 -70 0 0
5 -52 26 -66 0 0
6 -57 26 -74 0 0
3 -56 25 -74 0 0
4 -57 25 -72 0 0
5 -53 26 -68 0 0
6 -57 26 -72 0 0
3 -54 25 -70 0 0
4 -55 25 -70 0 0
5 -53 26 -70 0 0
6 -58 26 -72 0 0
3 -53 25 -62 0 0
4 -55 25 -66 0 0
5 -49 26 -56 0 0
6 -56 26 -74 0 0
3 -52 26 -68 0 0
4 -53 25 -64 0 0
5 -54 26 -68 0 0
6 -61 25 -76 0 0
3 -55 25 -68 0 0
4 -56 25 -72 0 0
5 -55 26 -70 0 0
6 -59 26 -72 0 0
3 -62 24 -74 0 0
4 -62 24 -72 0 0
5 -60 25 -72 0 0
6 -64 25 -76 0 0
3 -59 24 -74 0 0
4 -61 24 -74 0 0
5 -52 26 -66 0 0
6 -54 26 -72 0 0
3 -55 25 -70 0 0
4 -55 25 -68 0 0
5 -47 26 -56 0 0
6 -50 26 -66 0 0
3 -62 24 -80 0 0
4 -64 23 -76 0 0
5 -54 26 -74 0 0
6 -63 24 -78 0 0
3 -65 23 -74 0 0
4 -64 23 -72 0 0
5 -60 25 -74 0 0
6 -67 24 -78 0 0
3 -59 24 -72 0 0
4 -64 24 -72 0 0
5 -60 25 -72 0 0
6 -66 24 -76 0 0
3 -59 25 -74 0 0
4 -62 24 -74 0 0
5 -59 25 -72 0 0
6 -63 25 -70 0 0
3 -61 24 -74 0 0
4 -64 23 -78 0 0
5 -58 25 -72 0 0
6 -66 24 -80 0 0
3 -68 24 -68 0 0
4 -68 21 -70 0 0
5 -52 27 -54 0 0
6 -57 26 -58 0 0
7 -63 24 -70 0 0
8 -64 23 -76 0 0
9 -64 24 -78 0 0
10 -66 24 -78 0 0
3 -60 24 -72 0 0
4 -63 24 -72 0 0
5 -59 26 -72 0 0
6 -65 24 -76 0 0
3 -59 24 -70 0 0
4 -62 24 -76 0 0
5 -58 26 -72 0 0
6 -60 25 -72 0 0
3 -58 25 -70 0 0
4 -59 25 -70 0 0
5 -60 25 -74 0 0
6 -58 25 -74 0 0
3 -67 23 -74 0 0
4 -63 24 -72 0 0
5 -62 25 -74 0 0
6 -67 24 -74 0 0
3 -60 24 -68 0 0
4 -58 25 -74 0 0
5 -54 26 -74 0 0
6 -59 25 -72 0 0
3 -55 25 -74 0 0
4 -52 25 -70 0 0
5 -50 26 -68 0 0
6 -55 26 -76 0 0
3 -51 25 -66 0 0
4 -50 25 -70 0 0
5 -49 27 -64 0 0
6 -52 27 -66 0 0
3 -56 25 -70 0 0
4 -57 25 -72 0 0
5 -52 26 -70 0 0
6 -57 26 -72 0 0
3 -58 25 -72 0 0
4 -60 24 -72 0 0
5 -57 26 -70 0 0
6 -62 25 -78 0 0
3 -63 24 -72 0 0
4 -65 23 -76 0 0
5 -58 26 -74 0 0
6 -67 25 -76 0 0
3 -59 25 -70 0 0
4 -60 25 -74 0 0
5 -55 26 -74 0 0
6 -63 25 -76 0 0
3 -65 23 -76 0 0
4 -64 24 -74 0 0
5 -60 26 -72 0 0
6 -67 24 -78 0 0
3 -62 24 -74 0 0
4 -62 24 -76 0 0
5 -56 26 -72 0 0
6 -64 25 -78 0 0
3 -59 25 -72 0 0
4 -56 25 -72 0 0
5 -50 26 -64 0 0
6 -57 26 -70 0 0
3 -56 25 -70 0 0
4 -56 25 -72 0 0
5 -52 26 -66 0 0
6 -58 26 -74 0 0
3 -59 25 -68 3 0
4 -58 25 -72 3 0
5 -56 27 -68 3 0
6 -62 26 -70 3 0
7 -57 25 -68 3 0
8 -59 25 -70 3 0
9 -57 26 -72 3 0
10 -62 25 -76 3 0
3 -58 24 -70 3 0
4 -57 25 -74 3 0
5 -54 26 -70 3 0
6 -60 25 -76 3 0
3 -56 25 -72 1 0
4 -55 25 -70 1 0
5 -54 26 -72 1 0
6 -58 26 -72 1 0
3 -56 25 -70 1 0
4 -56 25 -72 1 0
5 -52 26 -70 1 0
6 -58 26 -72 1 0
3 -56 25 -70 3 0
4 -53 25 -72 3 0
5 -53 26 -70 3 0
6 -55 26 -70 3 0
3 -53 26 -68 11 0
4 -49 26 -60 11 0
5 -48 27 -62 11 0
6 -50 27 -70 11 0
3 -49 25 -68 2 0
4 -50 26 -70 2 0
5 -47 26 -60 2 0
6 -49 26 -66 2 0
3 -53 25 -70 14 0
4 -54 25 -68 14 0
5 -52 26 -72 14 0
6 -54 26 -72 14 0
3 -60 24 -72 2 0
4 -57 25 -74 2 0
5 -53 26 -76 2 0
6 -65 25 -74 2 0
3 -64 24 -72 22 0
4 -62 24 -74 22 0
5 -67 24 -78 22 0
6 -63 25 -72 22 0
3 -64 24 -76 42 6
4 -63 24 -76 42 6
5 -62 25 -74 42 6
6 -67 24 -78 42 6
3 -64 23 -74 4 3
4 -64 23 -74 4 3
5 -60 25 -78 4 3
6 -65 25 -78 4 3
3 -58 25 -70 2 0
4 -58 25 -70 2 0
5 -55 26 -70 2 0
6 -60 25 -74 2 0
3 -56 25 -68 4 0
4 -58 25 -70 4 0
5 -57 26 -68 4 0
6 -64 25 -74 4 0
3 -63 24 -74 9 0
4 -64 24 -74 9 0
5 -60 25 -72 9 0
6 -64 25 -80 9 0
3 -59 24 -72 0 0
4 -61 25 -72 0 0
5 -59 26 -74 0 0
6 -63 25 -74 0 0
7 -66 23 -74 0 0
8 -61 24 -72 0 0
9 -52 26 -66 0 0
10 -63 26 -70 0 0
3 -59 24 -72 0 0
4 -60 24 -72 0 0
5 -59 26 -70 0 0
6 -66 25 -72 0 0
3 -64 24 -72 1 0
4 -67 23 -74 1 0
5 -61 26 -72 1 0
6 -65 25 -74 1 0
3 -59 25 -72 0 0
4 -59 25 -72 0 0
5 -57 26 -72 0 0
6 -60 26 -74 0 0
3 -56 25 -72 0 0
4 -55 26 -70 0 0
5 -54 26 -70 0 0
6 -59 26 -76 0 0
3 -52 26 -70 0 0
4 -54 26 -68 0 0
5 -52 27 -68 0 0
6 -55 27 -68 0 0
3 -52 26 -68 0 0
4 -51 26 -68 0 0
5 -52 26 -70 0 0
6 -56 26 -70 0 0
3 -56 25 -70 0 0
4 -55 25 -68 0 0
5 -52 26 -68 0 0
6 -58 26 -70 0 0
3 -61 24 -74 0 0
4 -58 25 -72 0 0
5 -56 26 -72 0 0
6 -61 26 -72 0 0
3 -65 24 -74 0 0
4 -62 24 -72 0 0
5 -60 26 -76 0 0
6 -63 25 -76 0 0
3 -63 24 -76 0 0
4 -57 25 -70 0 0
5 -59 26 -72 0 0
6 -68 24 -78 0 0
3 -61 24 -72 0 0
4 -57 25 -70 0 0
5 -59 26 -72 0 0
6 -61 26 -76 0 0
3 -57 25 -72 0 0
4 -54 25 -72 0 0
5 -57 26 -72 0 0
6 -60 26 -74 0 0
3 -57 25 -72 0 0
4 -53 26 -70 0 0
5 -52 26 -72 0 0
6 -60 26 -74 0 0
3 -62 24 -76 0 0
4 -64 24 -76 0 0
5 -61 26 -76 0 0
6 -67 24 -78 0 0
3 -62 24 -74 0 0
4 -61 25 -74 0 0
5 -60 26 -74 0 0
6 -65 25 -76 0 0
3 -64 23 -76 0 0
4 -63 24 -72 0 0
5 -60 26 -74 0 0
6 -67 24 -80 0 0
3 -57 25 -74 0 0
4 -52 26 -72 0 0
5 -53 26 -70 0 0
6 -56 26 -72 0 0
3 -51 25 -66 0 0
4 -47 26 -68 0 0
5 -48 27 -66 0 0
6 -52 27 -70 0 0
3 -55 25 -72 0 0
4 -55 25 -74 0 0
5 -55 26 -70 0 0
6 -59 26 -74 0 0
3 -57 25 -70 0 0
4 -59 25 -74 0 0
5 -58 26 -72 0 0
6 -62 26 -72 0 0
3 -56 25 -70 0 0
4 -60 24 -76 0 0
5 -56 26 -72 0 0
6 -59 26 -72 0 0
3 -55 25 -70 1 0
4 -56 25 -72 1 0
5 -54 26 -70 1 0
6 -59 26 -74 1 0
3 -63 24 -80 1 0
4 -61 24 -74 1 0
5 -61 25 -88 1 0
6 -65 25 -76 1 0
3 -61 24 -76 0 0
4 -64 24 -74 0 0
5 -60 26 -72 0 0
6 -64 25 -78 0 0
3 -59 24 -74 0 0
4 -60 24 -78 0 0
5 -57 26 -74 0 0
6 -61 26 -76 0 0
3 -63 24 -76 0 0
4 -63 24 -76 0 0
5 -62 25 -78 0 0
6 -61 26 -78 0 0
3 -67 23 -74 0 0
4 -66 23 -82 0 0
5 -62 25 -74 0 0
6 -66 25 -76 0 0
3 -69 22 -78 0 0
4 -69 23 -78 0 0
5 -67 25 -78 0 0
6 -69 24 -82 0 0
3 -67 23 -78 0 0
4 -69 23 -78 0 0
5 -67 25 -76 0 0
6 -69 24 -80 0 0
3 -59 24 -78 0 0
4 -63 24 -76 0 0
5 -58 26 -74 0 0
6 -63 26 -76 0 0
3 -53 25 -70 0 0
4 -57 25 -72 0 0
5 -54 26 -76 0 0
6 -57 27 -68 0 0
3 -55 25 -68 0 0
4 -55 25 -72 0 0
5 -54 26 -68 0 0
6 -59 26 -74 0 0
3 -57 25 -72 0 0
4 -59 25 -74 0 0
5 -54 26 -66 0 0
6 -56 26 -74 0 0
3 -65 23 -74 0 0
4 -65 24 -74 0 0
5 -63 25 -74 0 0
6 -62 26 -74 0 0
3 -68 22 -78 0 0
4 -68 23 -76 0 0
5 -65 25 -74 0 0
6 -66 25 -82 0 0
3 -55 25 -70 0 0
4 -53 25 -70 0 0
5 -51 27 -72 0 0
6 -54 27 -70 0 0
3 -54 25 -72 0 0
4 -51 25 -64 0 0
5 -48 27 -64 0 0
6 -54 27 -74 0 0
3 -55 25 -68 0 0
4 -53 25 -68 0 0
5 -47 27 -66 0 0
6 -52 27 -64 0 0
3 -52 25 -70 0 0
4 -47 26 -66 0 0
5 -50 26 -66 0 0
6 -57 26 -70 0 0
3 -50 25 -60 0 0
4 -45 26 -54 0 0
5 -51 27 -66 0 0
6 -55 27 -66 0 0
3 -52 25 -68 0 0
4 -50 25 -66 0 0
5 -51 27 -84 0 0
6 -55 27 -72 0 0
3 -48 26 -66 0 0
4 -45 26 -62 0 0
5 -47 27 -66 0 0
6 -50 27 -64 0 0
3 -53 25 -68 0 0
4 -51 25 -68 0 0
5 -50 27 -62 0 0
6 -55 27 -72 0 0
3 -55 25 -70 0 0
4 -56 25 -74 0 0
5 -53 26 -70 0 0
6 -60 26 -74 0 0
3 -60 24 -74 0 0
4 -58 25 -72 0 0
5 -57 26 -72 0 0
6 -60 26 -74 0 0
3 -63 24 -72 0 0
4 -63 24 -74 0 0
5 -64 25 -74 0 0
6 -66 25 -78 0 0
3 -66 24 -74 0 0
4 -67 23 -76 0 0
5 -64 25 -76 0 0
6 -69 24 -80 0 0
3 -64 24 -76 0 0
4 -63 24 -76 0 0
5 -64 25 -74 0 0
6 -67 25 -78 0 0
3 -67 23 -82 0 0
4 -62 24 -74 0 0
5 -63 25 -76 0 0
6 -66 25 -76 0 0
3 -61 24 -76 0 0
4 -61 24 -76 0 0
5 -60 26 -74 0 0
6 -67 25 -78 0 0
3 -65 23 -74 0 0
4 -59 24 -74 0 0
5 -58 26 -72 0 0
6 -63 25 -78 0 0
3 -58 24 -74 2 0
4 -51 25 -70 2 0
5 -54 26 -70 2 0
6 -64 25 -80 2 0
3 -62 24 -74 0 0
4 -52 25 -64 0 0
5 -59 26 -70 0 0
6 -67 25 -76 0 0
3 -69 22 -80 0 0
4 -64 24 -78 0 0
5 -66 24 -76 0 0
6 -67 25 -80 0 0
3 -68 23 -74 0 0
4 -62 24 -74 0 0
5 -66 25 -76 0 0
6 -67 25 -80 0 0
3 -64 23 -78 0 0
4 -61 24 -80 0 0
5 -61 25 -76 0 0
6 -65 25 -80 0 0
3 -70 22 -78 0 0
4 -69 23 -78 0 0
5 -69 24 -78 0 0
6 -72 23 -82 0 0
3 -62 24 -76 0 0
4 -62 24 -78 0 0
5 -62 25 -80 0 0
6 -67 25 -82 0 0
3 -56 25 -72 0 0
4 -57 25 -72 0 0
5 -57 26 -72 0 0
6 -63 25 -78 0 0
3 -60 24 -72 0 0
4 -58 25 -74 0 0
5 -55 26 -72 0 0
6 -61 26 -74 0 0
3 -54 25 -72 0 0
4 -55 25 -74 0 0
5 -56 26 -72 0 0
6 -62 26 -78 0 0
3 -65 23 -76 0 0
4 -65 23 -76 0 0
5 -62 25 -74 0 0
6 -67 24 -78 0 0
3 -60 24 -72 0 0
4 -56 25 -70 0 0
5 -58 26 -70 0 0
6 -63 25 -76 0 0
3 -51 25 -68 0 0
4 -52 25 -68 0 0
5 -52 26 -70 0 0
6 -56 26 -70 0 0
3 -45 26 -64 0 0
4 -47 26 -70 0 0
5 -48 26 -66 0 0
6 -55 26 -72 0 0
3 -52 25 -70 0 0
4 -48 26 -76 0 0
5 -50 26 -70 0 0
6 -55 26 -72 0 0
3 -52 25 -68 0 0
4 -51 25 -66 0 0
5 -50 26 -70 0 0
6 -55 26 -70 0 0
3 -54 25 -70 0 0
4 -55 25 -72 0 0
5 -54 26 -74 0 0
6 -61 26 -74 0 0
3 -59 24 -74 0 0
4 -60 24 -74 0 0
5 -58 26 -74 0 0
6 -62 25 -76 0 0
3 -58 24 -72 1 0
4 -56 25 -72 1 0
5 -53 26 -72 1 0
6 -58 26 -76 1 0
3 -51 25 -66 0 0
4 -48 25 -60 0 0
5 -47 26 -66 0 0
6 -50 26 -72 0 0
3 -55 25 -70 0 0
4 -50 25 -64 0 0
5 -46 26 -66 0 0
6 -50 26 -66 0 0
3 -60 24 -72 0 0
4 -59 25 -72 0 0
5 -54 27 -72 0 0
6 -60 26 -74 0 0
3 -64 23 -72 0 0
4 -65 24 -74 0 0
5 -61 26 -76 0 0
6 -66 25 -74 0 0
3 -57 25 -68 0 0
4 -59 25 -70 0 0
5 -57 26 -70 0 0
6 -63 26 -76 0 0
3 -52 25 -64 0 0
4 -53 25 -70 0 0
5 -51 27 -66 0 0
6 -56 26 -68 0 0
3 -55 25 -70 0 0
4 -52 25 -68 0 0
5 -53 26 -70 0 0
6 -60 26 -72 0 0
3 -58 24 -74 0 0
4 -52 25 -70 0 0
5 -52 27 -68 0 0
6 -59 26 -72 0 0
3 -42 27 -56 0 0
4 -45 26 -60 0 0
5 -46 27 -60 0 0
6 -48 27 -64 0 0
3 -48 26 -66 0 0
4 -50 25 -66 0 0
5 -50 27 -70 0 0
6 -54 26 -74 0 0
3 -53 25 -70 0 0
4 -54 25 -68 0 0
5 -57 26 -72 0 0
6 -60 26 -76 0 0
3 -60 24 -72 0 0
4 -55 25 -68 0 0
5 -62 25 -76 0 0
6 -67 24 -74 0 0
3 -61 24 -74 0 0
4 -59 24 -76 0 0
5 -57 26 -70 0 0
6 -66 25 -76 0 0
3 -65 24 -80 0 0
4 -63 24 -78 0 0
5 -61 26 -76 0 0
6 -67 25 -78 0 0
3 -64 23 -76 0 0
4 -66 23 -80 0 0
5 -64 25 -76 0 0
6 -62 26 -74 0 0
3 -64 23 -74 0 0
4 -64 24 -74 0 0
5 -62 25 -76 0 0
6 -64 25 -78 0 0
3 -62 24 -76 0 0
4 -61 24 -74 0 0
5 -55 26 -76 0 0
6 -60 26 -74 0 0
3 -60 24 -68 2 0
4 -61 24 -74 2 0
5 -55 26 -68 2 0
6 -56 26 -70 2 0
7 -64 23 -74 2 0
8 -61 24 -76 2 0
9 -58 26 -76 2 0
10 -65 25 -76 2 0
3 -59 24 -72 1 0
4 -59 24 -72 1 0
5 -55 26 -72 1 0
6 -62 25 -74 1 0
3 -53 25 -70 0 0
4 -55 25 -68 0 0
5 -56 26 -70 0 0
6 -62 25 -76 0 0
3 -60 24 -74 5 0
4 -58 24 -74 5 0
5 -61 25 -72 5 0
6 -67 25 -78 5 0
3 -59 24 -72 0 0
4 -60 24 -74 0 0
5 -56 26 -72 0 0
6 -62 25 -72 0 0
3 -57 24 -70 4 0
4 -57 25 -72 4 0
5 -56 26 -78 4 0
6 -58 26 -74 4 0
3 -63 23 -72 1 0
4 -62 24 -74 1 0
5 -59 25 -74 1 0
6 -64 25 -74 1 0
3 -65 23 -76 4 0
4 -63 24 -78 4 0
5 -62 25 -72 4 0
6 -66 24 -78 4 0
3 -57 24 -66 10 0
4 -62 24 -74 10 0
5 -58 26 -68 10 0
6 -66 24 -74 10 0
3 -58 24 -72 11 0
4 -59 24 -74 11 0
5 -55 26 -68 11 0
6 -58 25 -76 11 0
3 -59 24 -74 3 0
4 -60 24 -72 3 0
5 -57 26 -72 3 0
6 -60 26 -78 3 0
3 -54 25 -68 2 0
4 -52 25 -68 2 0
5 -53 26 -68 2 0
6 -58 26 -72 2 0
3 -43 26 -66 28 0
4 -46 25 -58 28 0
5 -49 26 -70 28 0
6 -51 26 -68 28 0
3 -47 25 -68 18 0
4 -52 25 -72 18 0
5 -50 26 -68 18 0
6 -54 26 -74 18 0
3 -55 25 -70 8 0
4 -55 25 -72 8 0
5 -53 26 -70 8 0
6 -56 26 -76 8 0
3 -57 24 -72 7 0
4 -53 25 -70 7 0
5 -51 26 -70 7 0
6 -58 26 -74 7 0
3 -56 24 -70 11 0
4 -55 25 -70 11 0
5 -53 26 -70 11 0
6 -57 26 -72 11 0
3 -57 24 -72 10 0
4 -57 24 -74 10 0
5 -53 26 -70 10 0
6 -56 26 -74 10 0
3 -54 25 -72 9 0
4 -51 25 -72 9 0
5 -56 25 -72 9 0
6 -57 26 -72 9 0
3 -56 24 -70 3 0
4 -53 25 -64 3 0
5 -58 25 -70 3 0
6 -56 26 -66 3 0
3 -57 24 -70 1 0
4 -57 24 -70 1 0
5 -58 26 -74 1 0
6 -68 24 -78 1 0
3 -59 24 -74 0 0
4 -53 25 -68 0 0
5 -53 26 -68 0 0
6 -63 25 -74 0 0
3 -56 25 -70 1 0
4 -50 25 -70 1 0
5 -53 26 -72 1 0
6 -59 26 -74 1 0
3 -63 23 -74 6 0
4 -61 23 -76 6 0
5 -51 26 -66 6 0
6 -53 26 -62 6 0
3 -67 22 -78 2 0
4 -66 23 -80 2 0
5 -61 25 -78 2 0
6 -62 25 -72 2 0
3 -73 20 -82 3 0
4 -73 21 -82 3 0
5 -67 24 -82 3 0
6 -72 23 -78 3 0
3 -72 21 -78 17 0
4 -71 21 -82 17 0
5 -67 24 -74 17 0
6 -72 23 -78 17 0
3 -67 22 -78 45 4
4 -68 23 -80 45 4
5 -66 24 -80 45 4
6 -71 23 -80 45 4
3 -62 24 -76 46 2
4 -60 24 -74 46 2
5 -60 25 -76 46 2
6 -68 24 -80 46 2
3 -71 22 -78 29 0
4 -70 22 -78 29 0
5 -71 23 -80 29 0
6 -73 23 -82 29 0
3 -72 21 -78 8 0
4 -71 21 -80 8 0
5 -70 23 -76 8 0
6 -73 22 -82 8 0
3 -72 21 -80 4 0
4 -70 22 -78 4 0
5 -72 23 -82 4 0
6 -74 21 -82 4 0
3 -67 23 -78 5 0
4 -65 23 -76 5 0
5 -64 24 -80 5 0
6 -70 23 -80 5 0
3 -55 24 -70 1 0
4 -56 24 -72 1 0
5 -53 26 -72 1 0
6 -58 26 -72 1 0
3 -51 25 -68 6 0
4 -51 25 -66 6 0
5 -47 26 -68 6 0
6 -50 26 -70 6 0
3 -57 24 -72 3 0
4 -53 25 -68 3 0
5 -55 25 -70 3 0
6 -61 25 -78 3 0
3 -59 24 -74 24 0
4 -51 25 -72 24 0
5 -54 26 -70 24 0
6 -59 25 -74 24 0
3 -66 23 -76 22 0
4 -64 24 -78 22 0
5 -63 25 -74 22 0
6 -65 25 -78 22 0
3 -67 22 -76 3 0
4 -67 23 -76 3 0
5 -63 24 -74 3 0
6 -66 25 -76 3 0
3 -67 23 -78 19 3
4 -67 23 -76 19 3
5 -62 25 -72 19 3
6 -64 25 -76 19 3
3 -64 23 -74 18 0
4 -62 24 -76 18 0
5 -62 25 -72 18 0
6 -67 24 -76 18 0
3 -52 25 -58 0 0
4 -56 25 -70 0 0
5 -51 26 -60 0 0
6 -61 25 -70 0 0
3 -57 24 -72 4 0
4 -60 24 -74 4 0
5 -58 25 -74 4 0
6 -64 25 -72 4 0
3 -67 22 -78 4 0
4 -61 24 -72 4 0
5 -59 26 -68 4 0
6 -70 24 -76 4 0
3 -67 22 -72 0 0
4 -59 24 -66 0 0
5 -64 25 -70 0 0
6 -62 25 -70 0 0
3 -67 23 -72 3 2
4 -58 24 -68 3 2
5 -59 26 -68 3 2
6 -67 25 -76 3 2
3 -62 24 -70 4 0
4 -63 23 -74 4 0
5 -60 25 -72 4 0
6 -67 25 -76 4 0
3 -64 23 -74 8 0
4 -61 24 -74 8 0
5 -61 25 -72 8 0
6 -64 25 -74 8 0
3 -59 24 -70 3 0
4 -57 24 -70 3 0
5 -58 26 -72 3 0
6 -59 26 -76 3 0
3 -57 25 -68 5 0
4 -57 25 -70 5 0
5 -59 25 -74 5 0
6 -54 27 -68 5 0
3 -55 25 -68 15 0
4 -55 25 -72 15 0
5 -53 26 -68 15 0
6 -55 27 -72 15 0
3 -54 25 -66 8 0
4 -56 25 -70 8 0
5 -54 26 -72 8 0
6 -54 27 -64 8 0
3 -58 24 -70 6 2
4 -58 24 -68 6 2
5 -53 26 -66 6 2
6 -54 27 -66 6 2
3 -58 24 -70 4 0
4 -52 25 -66 4 0
5 -53 26 -68 4 0
6 -58 26 -70 4 0
3 -52 25 -64 4 0
4 -50 25 -64 4 0
5 -50 27 -60 4 0
6 -57 26 -68 4 0
3 -49 25 -54 9 0
4 -52 25 -56 9 0
5 -53 26 -62 9 0
6 -55 27 -60 9 0
3 -50 25 -54 4 0
4 -53 26 -58 4 0
5 -52 26 -58 4 0
6 -54 27 -60 4 0
3 -51 25 -54 6 0
4 -52 26 -56 6 0
5 -52 26 -76 6 0
6 -54 27 -58 6 0
3 -51 26 -54 3 0
4 -53 26 -58 3 0
5 -54 26 -66 3 0
6 -54 27 -58 3 0
3 -50 25 -54 3 0
4 -53 26 -64 3 0
5 -54 26 -66 3 0
6 -55 27 -64 3 0
3 -51 25 -54 3 0
4 -52 26 -58 3 0
5 -54 26 -64 3 0
6 -55 27 -66 3 0
3 -50 26 -54 9 0
4 -54 26 -58 9 0
5 -53 26 -60 9 0
6 -55 27 -58 9 0
3 -49 26 -52 2 0
4 -52 26 -58 2 0
5 -54 26 -62 2 0
6 -56 27 -66 2 0
3 -51 26 -58 4 0
4 -54 26 -64 4 0
5 -54 26 -62 4 0
6 -55 26 -58 4 0
3 -57 24 -66 3 0
4 -57 25 -66 3 0
5 -53 26 -58 3 0
6 -57 26 -68 3 0
3 -59 24 -68 3 0
4 -61 24 -72 3 0
5 -55 26 -62 3 0
6 -62 26 -68 3 0
3 -57 25 -68 5 0
4 -58 25 -70 5 0
5 -56 26 -70 5 0
6 -58 26 -72 5 0
3 -50 26 -58 0 0
4 -47 26 -64 0 0
5 -47 27 -56 0 0
6 -53 27 -66 0 0
3 -46 26 -64 0 0
4 -48 27 -64 0 0
5 -46 28 -54 0 0
6 -48 27 -66 0 0
3 -44 27 -52 0 0
4 -45 27 -56 0 0
5 -48 27 -56 0 0
6 -47 27 -56 0 0
3 -41 27 -50 0 0
4 -41 27 -50 0 0
5 -41 27 -48 0 0
6 -43 27 -58 0 0
3 -38 27 -46 0 0
4 -43 27 -50 0 0
5 -40 27 -48 0 0
6 -41 27 -48 0 0
